486.24
476.58
442.07
443.61
451.55
451.07
451.33
437.63
431.28
413.46
406.78
420.17
419.05
404.01
387.51
390.15
384.40
371.05
367.60
375.04
365.14
361.75
366.88
394.26
409.39
410.11
416.81
393.06
374.24
369.05
352.33
362.53
394.73
389.32
380.74
381.73
376.95
383.64
363.83
363.34
358.38
356.95
366.72
367.69
356.31
348.74
358.69
360.17
361.73
354.45
353.91
344.34
338.62
337.24
340.81
352.72
343.06
345.43
344.38
335.02
334.82
329.01
329.31
330.08
342.15
367.18
371.89
392.19
378.84
355.28
364.18
373.83
383.30
386.88
381.91
384.13
377.27
381.43
385.64
385.49
380.36
391.58
389.77
384.39
379.29
378.55
376.64
382.12
391.03
385.22
387.56
386.23
383.67
383.06
383.14
385.31
387.44
399.45
404.76
396.21
392.85
391.93
385.27
383.47
387.35
383.14
381.07
377.85
369.00
355.11
346.58
351.81
344.47
343.84
340.76
324.10
324.01
322.82
324.87
306.04
288.74
289.10
297.49
295.94
308.29
299.10
292.32
292.87
284.11
288.98
295.93
294.12
291.68
287.08
287.33
285.96
282.62
276.44
261.31
256.08
256.69
264.74
310.72
293.18
283.07
284.32
299.86
286.39
279.69
275.19
285.73
281.59
274.47
273.68
270.00
266.01
271.45
265.49
261.87
263.03
260.48
272.36
270.23
267.53
272.39
283.42
283.06
276.16
275.85
281.51
295.50
294.06
302.68
314.49
321.18
313.29
310.26
319.14
316.56
319.07
331.92
356.86
358.97
340.55
328.18
355.68
356.35
351.02
359.77
378.95
378.92
389.91
406.95
413.79
404.88
406.67
403.26
383.78
392.37
398.09
400.51
405.28
420.46
439.38
442.08
424.03
423.35
433.85
429.23
421.87
430.66
424.48
437.93
456.05
469.90
476.67
510.10
549.86
555.00
557.09
610.65
675.39
596.15
633.71
632.59
598.19
585.78
627.83
629.79
631.17
664.75
654.90
679.37
667.31
655.66
665.38
665.41
712.65
754.60
806.25
803.20
889.60
922.30
968.43
909.71
888.66
889.49
939.77
839.03
829.93
806.62
760.86
816.09
858.69
943.00
924.27
890.20
928.65
945.67
934.23
949.38
996.59
1043.16
1127.04
1134.72
1117.96
1095.41
1113.34
1148.69
1205.43
1232.92
1192.97
1215.81
1270.98
1342.02
1369.89
1390.55
1360.46
1374.68
1423.26
1480.89
1512.58
1529.36
1572.75
1759.01
1772.14
1666.43
1739.00
1639.97
1654.05
1744.82
1675.95
1649.20
1589.04
1598.76
1594.29
1630.31
1744.81
1746.58
1721.64
1684.76
1671.85
1627.57
1593.09
1487.86
1414.03
1343.35
1285.52
1351.74
1348.60
1316.58
1275.86
1221.51
1244.27
1299.58
1336.08
1298.45
1288.74
1279.10
1310.59
1295.13
1236.55
1222.49
1175.33
1200.62
1250.75
1227.08
1178.63
1198.93
1198.63
1181.50
1128.31
1117.93
1124.77
1159.25
1086.44
1075.74
1097.91
1199.50
1245.14
1242.26
1260.95
1276.40
1336.65
1340.17
1326.61
1266.55
1238.35
1157.36
1192.10
1234.20
1231.42
1266.88
1246.04
1260.26
1236.85
1283.04
1314.07
1279.51
1281.90
1264.45
