803.20
889.60
922.30
968.43
909.71
888.66
889.49
939.77
839.03
829.93
806.62
760.86
816.09
858.69
943.00
924.27
890.20
928.65
945.67
934.23
949.38
996.59
1043.16
1127.04
1134.72
1117.96
1095.41
1113.34
1148.69
1205.43
1232.92
1192.97
1215.81
1270.98
1342.02
1369.89
1390.55
1360.46
1374.68
1423.26
1480.89
1512.58
1529.36
1572.75
1759.01
1772.14
1666.43
1739.00
1639.97
1654.05
1744.82
1675.95
1649.20
1589.04
1598.76
1594.29
1630.31
1744.81
1746.58
1721.64
1684.76
1671.85
1627.57
1593.09
1487.86
1414.03
1343.35
1285.52
1351.74
1348.60
1316.58
1275.86
1221.51
1244.27
1299.58
1336.08
1298.45
1288.74
1279.10
1310.59
1295.13
1236.55
1222.49
1175.33
1200.62
1250.75
1227.08
1178.63
1198.93
1198.63
1181.50
1128.31
1117.93
1124.77
1159.25
1086.44
1075.74
1097.91
1199.50
1245.14
1242.26
1260.95
1276.40
1336.65
1340.17
1326.61
1266.55
1238.35
1157.36
1192.10
1234.20
1231.42
1266.88
1246.04
1260.26
1236.85
1283.04
1314.07
1279.51
1281.90
1264.45
