91.80
87.56
76.00
73.71
69.44
61.67
59.00
61.84
64.50
63.00
48.60
50.50
54.33
51.44
47.00
43.38
41.72
48.56
51.50
49.70
47.19
44.28
46.11
44.75
44.44
43.83
42.10
40.91
41.33
41.30
40.78
41.94
46.06
46.67
48.83
57.16
60.63
63.88
65.00
63.50
57.82
56.06
55.40
52.79
50.68
51.98
52.34
53.19
52.18
52.31
52.06
51.29
51.30
51.89
50.83
50.36
49.25
47.73
44.61
41.50
43.67
42.75
43.41
42.28
41.41
40.61
39.94
38.02
34.99
34.45
34.85
35.59
34.59
35.21
35.55
34.70
32.74
28.54
28.23
28.40
30.83
34.37
35.75
40.60
36.95
36.13
38.15
39.41
38.66
35.59
36.14
36.04
36.13
36.90
36.96
35.93
35.10
34.62
33.62
29.61
27.59
27.79
27.15
25.94
25.87
24.66
21.19
18.50
19.15
22.09
25.06
24.55
23.17
21.56
19.68
