16.65
16.45
16.30
15.90
15.90
15.40
15.10
15.10
14.75
14.15
13.20
12.30
12.00
11.60
11.35
11.20
10.20
9.85
9.80
9.80
9.60
9.60
9.40
9.30
9.00
9.00
8.80
8.80
8.65
9.35
11.00
11.60
11.45
10.50
8.50
9.50
9.70
9.10
9.50
9.40
9.00
9.20
9.00
8.55
8.25
7.25
7.25
7.50
7.40
8.75
7.90
7.75
7.75
7.55
7.75
7.75
8.05
8.75
10.25
10.50
10.00
9.80
10.10
10.20
10.35
10.10
10.30
9.90
10.05
10.20
10.18
9.90
9.85
9.45
9.45
9.30
9.25
9.25
9.25
9.10
9.05
9.45
9.50
9.60
10.40
10.78
11.15
11.80
11.85
11.90
11.70
11.70
11.70
11.85
11.85
11.85
11.85
12.20
15.75
15.75
15.99
16.38
16.50
16.50
16.46
16.15
15.74
15.07
14.76
14.49
13.81
13.62
12.83
11.83
10.94
10.49
10.39
10.25
11.28
12.75
12.50
12.04
11.38
10.66
10.75
10.75
10.75
10.61
10.50
10.23
9.61
8.88
8.49
9.01
9.20
10.44
10.85
10.73
10.56
10.26
10.11
9.92
9.76
9.71
9.64
9.55
9.39
9.31
9.14
8.50
8.23
8.10
7.96
7.57
7.40
7.13
7.14
7.10
7.39
7.69
8.23
9.00
8.78
8.75
8.95
9.15
9.47
9.43
9.50
9.59
9.72
9.95
9.75
9.90
9.90
9.89
9.85
9.80
9.84
9.86
9.88
10.16
10.10
10.10
10.10
10.90
10.90
10.95
11.24
11.49
12.37
13.18
13.35
14.80
16.05
17.14
17.75
17.75
17.88
17.90
17.90
18.60
20.08
20.20
20.50
20.54
21.20
21.84
23.14
28.25
29.00
29.28
29.65
30.43
32.75
33.56
35.53
36.75
37.69
39.77
41.10
42.28
44.17
46.50
47.44
52.44
56.06
61.44
66.57
72.00
76.25
89.44
110.43
119.11
136.22
131.50
109.60
85.00
77.50
92.00
91.80
87.56
76.00
73.71
69.44
61.67
59.00
61.84
64.50
63.00
48.60
50.50
54.33
51.44
47.00
43.38
41.72
48.56
51.50
49.70
47.19
44.28
46.11
44.75
44.44
43.83
42.10
40.91
41.33
41.30
40.78
41.94
46.06
46.67
48.83
57.16
60.63
63.88
65.00
63.50
57.82
56.06
55.40
52.79
50.68
51.98
52.34
53.19
52.18
52.31
52.06
51.29
51.30
51.89
50.83
50.36
49.25
47.73
44.61
41.50
43.67
42.75
43.41
42.28
41.41
40.61
39.94
38.02
34.99
34.45
34.85
35.59
34.59
35.21
35.55
34.70
32.74
28.54
28.23
28.40
30.83
34.37
35.75
40.60
36.95
36.13
38.15
39.41
38.66
35.59
36.14
36.04
36.13
36.90
36.96
35.93
35.10
34.62
33.62
29.61
27.59
27.79
27.15
25.94
25.87
24.66
21.19
18.50
19.15
22.09
25.06
24.55
23.17
21.56
19.68
