2445.52
2776.93
3005.29
2959.27
2902.90
2957.86
3071.24
2764.38
2525.82
2121.41
1852.43
1490.43
1413.12
1330.20
1335.84
1420.85
1460.45
1573.73
1667.96
1933.75
1834.11
1878.57
1949.29
2180.10
2235.15
2048.93
2205.63
2316.73
2040.53
1931.39
1988.27
2118.14
2162.34
2346.57
2333.07
2350.67
2439.53
2508.18
2555.50
2678.11
2596.45
2557.76
2525.43
2379.35
2293.46
2180.65
2079.98
2022.25
2144.20
2207.92
2184.16
2049.67
2007.63
1890.18
1876.25
1845.38
2064.12
1974.30
1948.83
2086.76
2037.75
2053.60
1909.57
1861.67
1832.02
1814.54
1769.61
1817.62
1761.30
1814.58
1747.96
1739.81
1727.41
1695.17
1705.37
1810.67
1751.05
1838.95
1948.30
2030.49
1990.43
1946.19
2055.55
1909.46
1814.72
1817.82
1773.86
1819.19
1804.04
1687.73
1639.50
1548.13
1589.60
1516.49
1467.89
1497.20
1481.10
1531.26
1531.01
1571.23
1550.63
1593.51
1629.05
1639.28
1592.36
1665.90
1737.11
1727.74
1791.24
1860.75
1901.47
1921.22
1913.02
1885.29
1902.96
2030.01
2096.49
2131.49
2097.44
2080.47
