375.60
464.75
594.00
907.00
901.80
757.00
731.75
693.50
683.80
609.25
552.00
531.80
580.00
590.75
588.25
549.67
533.00
574.50
572.00
526.25
518.75
493.00
542.75
591.00
568.80
535.00
502.20
466.00
451.33
440.00
441.80
452.75
476.50
486.00
514.50
532.00
516.80
524.00
492.75
484.25
481.40
513.75
538.25
566.00
598.75
599.40
615.25
585.75
542.00
537.50
548.00
547.75
600.50
600.00
573.75
567.75
563.25
558.25
559.25
557.80
564.20
563.00
559.00
557.00
543.50
524.25
509.00
478.75
444.00
439.00
438.00
451.00
450.00
459.00
422.00
395.00
388.00
397.00
422.00
445.00
432.00
428.00
418.00
418.00
420.00
420.00
410.00
399.00
381.00
376.00
392.00
373.00
357.00
373.00
368.00
363.00
369.00
384.00
384.00
395.00
433.00
441.00
442.00
415.00
384.00
369.00
365.00
373.00
377.00
367.00
370.00
380.00
421.00
458.00
417.00
393.00
402.00
394.00
402.00
406.00
