0.85181
0.85135
0.84866
0.85535
0.85518
0.86538
0.87242
0.86774
0.86725
0.87369
0.8813
0.87936
0.86604
0.86582
0.86582
0.86355
0.86147
0.85697
0.84833
0.85153
0.85258
0.85688
0.85817
0.8513
0.8583
0.86253
0.86257
0.85183
0.85136
0.85288
0.85047
0.84782
0.84792
0.85033
0.8562
0.85183
0.84882
0.84452
0.846
0.84505
0.85136
0.85136
0.8519
0.85804
0.86011
0.86473
0.86611
0.86763
0.86926
0.87196
0.87346
0.87657
0.86954
0.87403
0.87015
0.86605
0.86659
0.86538
0.86218
0.86494
0.86319
0.86387
0.86791
0.8635
0.85781
0.85252
0.85453
0.85511
0.85622
0.85555
0.8525
0.85392
0.84812
0.84834
0.84871
0.84791
0.84365
0.83445
0.83922
0.83669
0.84808
0.8495
0.84925
0.84483
0.84519
0.84423
0.84465
0.84487
0.84718
0.84785
0.8452
0.84242
0.84032
0.84471
0.84757
0.85029
0.85829
0.85805
0.85541
0.85942
0.8641
0.86482
0.86384
0.86574
0.87448
0.87043
0.86981
0.87081
0.86997
0.87484
0.87072
0.87459
0.87163
0.86637
0.87967
0.88545
0.87874
0.88044
0.87378
0.87503
0.87587
0.88141
0.88099
0.87977
0.88007
0.87896
0.88432
0.88029
0.88028
0.87657
0.87795
0.87807
0.87767
0.88055
0.8849
0.88494
0.89217
0.8859
0.88071
0.87498
0.87908
0.88603
0.88438
0.89669
0.89788
0.89362
0.89387
0.89452
0.8937
0.89419
0.89602
0.89397
0.89602
0.90397
0.90302
0.90515
0.90507
0.90364
0.90678
0.90911
0.90867
0.91249
0.91319
0.91137
0.91351
0.9159
0.9173
0.92306
0.92085
0.92535
0.92524
0.9267
0.91974
0.91975
0.91702
0.92095
0.91395
0.91386
0.91908
0.91159
0.90719
0.9003
0.89936
0.88897
0.87835
0.8852
0.88835
0.88098
0.88054
0.88121
0.87912
0.87721
0.87733
0.87789
0.88042
0.88374
0.88685
0.88826
0.89465
0.89397
0.89439
0.89608
0.89573
0.88917
0.88626
0.88711
0.89255
0.89548
0.8992
0.89141
0.89117
0.89218
0.89364
0.88858
0.88379
0.88094
0.87428
0.87971
0.89196
0.88475
0.88072
0.88393
0.88712
0.88457
0.8905
0.89612
0.89895
0.89182
0.89354
0.8891
0.88451
0.8866
0.89019
0.89228
0.89353
0.89565
0.88238
0.88093
0.87993
0.87628
0.88059
0.88128
0.8791
0.87825
0.88375
0.88016
0.8802
0.87686
0.88356
0.88101
0.8852
0.88615
0.88751
0.88568
0.88744
0.88866
0.88873
0.88858
