122.978
123.092
122.864
122.33
122.942
123.627
122.61
122.432
121.66
121.968
120.778
120.799
121.125
122.12
122.519
121.865
121.507
121.837
122.05
122.831
122.889
121.535
122.138
121.648
121.634
121.207
119.595
119.801
119.838
121.116
120.904
120.373
121.102
120.896
120.95
120.215
120.036
119.23
119.375
119.45
118.55
119.036
119.706
120.147
120.121
120.625
120.692
120.194
120.596
122.228
122.678
122.377
121.933
121.604
122.141
121.202
121.388
120.495
120.199
119.935
119.665
120.105
119.98
119.562
119.429
118.967
117.642
118.13
118.061
117.717
117.799
117.012
116.367
116.423
115.552
115.125
116.21
116.567
116.829
117.233
119.5
119.952
121.695
121.391
121.03
121.763
122.46
122.381
122.669
123.189
123.784
123.829
124.253
124.142
123.599
124.36
124.847
124.762
123.983
123.789
124.473
124.751
125.028
125.462
124.77
124.38
123.439
124.132
124.721
125.274
124.561
123.256
122.955
123.463
123.567
123.587
123.334
123.478
122.509
123.984
124.344
124.513
123.732
123.934
124.337
124.86
125.011
127.684
128.386
127.869
128.479
128.438
128.813
128.618
129.874
130.284
130.335
129.951
129.397
129.268
128.836
129.247
129.224
129.111
130.183
128.955
129.408
130.217
130.38
129.92
129.787
130.237
130.999
131.041
130.823
130.58
130.605
129.217
129.008
128.28
129.505
129.585
130.357
129.28
128.082
127.879
128.837
128.818
128.893
129.204
130.174
130.768
131.474
131.374
130.95
130.229
129.992
129.803
130.238
129.847
130.27
131.183
131.785
131.361
131.92
132.868
133.998
133.717
133.991
134.389
133.592
131.987
132.471
132.635
132.656
132.627
132.837
132.341
132.655
132.151
132.148
132.382
132.896
133.191
132.474
131.763
132.034
132.317
132.61
133.861
133.654
133.706
133.965
134.39
132.738
132.187
131.662
132.638
132.811
132.819
132.355
132.289
131.976
131.616
132.08
132.177
133.258
133.573
133.324
132.737
132.273
131.999
131.863
131.728
132.221
132.718
132.359
132.292
133.019
133.972
133.897
133.305
132.571
132.879
133.263
133.714
133.606
133.186
133.392
132.231
132.811
132.863
133.964
134.826
134.381
134.369
134.444
134.672
134.923
